9.144600000000000000e+05 5.676000000000000000e+03 1.034800000000000000e+04 2.400000000000000000e+02 2.729000000000000000e+03 7.210000000000000000e+02 1.053000000000000000e+03 2.123000000000000000e+03 1.760000000000000000e+02 0.000000000000000000e+00 7.600000000000000000e+01 3.210000000000000000e+02 0.000000000000000000e+00
5.850000000000000000e+03 7.555600000000000000e+04 5.130000000000000000e+02 1.000000000000000000e+01 4.610000000000000000e+02 2.420000000000000000e+02 3.920000000000000000e+02 6.800000000000000000e+02 2.350000000000000000e+02 0.000000000000000000e+00 1.900000000000000000e+02 0.000000000000000000e+00 1.000000000000000000e+00
9.676000000000000000e+03 3.880000000000000000e+02 7.069500000000000000e+04 0.000000000000000000e+00 7.760000000000000000e+02 4.600000000000000000e+01 9.900000000000000000e+01 6.070000000000000000e+02 1.080000000000000000e+02 0.000000000000000000e+00 1.320000000000000000e+02 1.000000000000000000e+00 0.000000000000000000e+00
1.395060000000000000e+05 3.360000000000000000e+02 4.870000000000000000e+02 3.550000000000000000e+02 6.370000000000000000e+02 6.000000000000000000e+00 2.600000000000000000e+01 2.440000000000000000e+02 1.390000000000000000e+02 0.000000000000000000e+00 2.900000000000000000e+01 1.580000000000000000e+02 0.000000000000000000e+00
2.128000000000000000e+03 7.380000000000000000e+02 4.077000000000000000e+03 0.000000000000000000e+00 3.157500000000000000e+04 1.100000000000000000e+01 3.700000000000000000e+01 5.870000000000000000e+02 2.470000000000000000e+02 0.000000000000000000e+00 1.090000000000000000e+02 1.000000000000000000e+00 0.000000000000000000e+00
5.384000000000000000e+03 5.599000000000000000e+03 1.130000000000000000e+02 0.000000000000000000e+00 4.100000000000000000e+01 1.144000000000000000e+04 1.825000000000000000e+03 9.700000000000000000e+01 3.800000000000000000e+01 5.000000000000000000e+00 1.300000000000000000e+01 1.000000000000000000e+00 0.000000000000000000e+00
3.960000000000000000e+03 1.271000000000000000e+03 6.770000000000000000e+02 1.000000000000000000e+00 4.800000000000000000e+01 1.911000000000000000e+03 1.776000000000000000e+04 3.860000000000000000e+02 1.100000000000000000e+01 0.000000000000000000e+00 3.000000000000000000e+00 0.000000000000000000e+00 0.000000000000000000e+00
4.947000000000000000e+03 5.880000000000000000e+02 3.945000000000000000e+03 0.000000000000000000e+00 1.897000000000000000e+03 1.085000000000000000e+03 1.740000000000000000e+02 1.138600000000000000e+04 1.411000000000000000e+03 0.000000000000000000e+00 2.630000000000000000e+02 1.000000000000000000e+00 0.000000000000000000e+00
6.050000000000000000e+02 3.560000000000000000e+02 7.440000000000000000e+02 0.000000000000000000e+00 1.426000000000000000e+03 6.000000000000000000e+00 2.000000000000000000e+00 1.198000000000000000e+03 5.915000000000000000e+03 0.000000000000000000e+00 4.370000000000000000e+02 1.000000000000000000e+00 0.000000000000000000e+00
8.860000000000000000e+02 1.100100000000000000e+04 4.500000000000000000e+01 7.000000000000000000e+00 1.900000000000000000e+01 1.620000000000000000e+02 2.680000000000000000e+02 6.000000000000000000e+01 1.400000000000000000e+01 0.000000000000000000e+00 7.000000000000000000e+00 0.000000000000000000e+00 0.000000000000000000e+00
5.210000000000000000e+02 4.430000000000000000e+02 3.910000000000000000e+02 0.000000000000000000e+00 8.220000000000000000e+02 9.000000000000000000e+00 4.000000000000000000e+00 3.220000000000000000e+02 1.156000000000000000e+03 0.000000000000000000e+00 3.533000000000000000e+03 0.000000000000000000e+00 0.000000000000000000e+00
6.190000000000000000e+02 3.000000000000000000e+00 4.000000000000000000e+00 0.000000000000000000e+00 0.000000000000000000e+00 1.000000000000000000e+00 0.000000000000000000e+00 2.300000000000000000e+01 0.000000000000000000e+00 0.000000000000000000e+00 0.000000000000000000e+00 1.350000000000000000e+02 0.000000000000000000e+00
8.030000000000000000e+02 6.151000000000000000e+03 9.800000000000000000e+01 0.000000000000000000e+00 2.600000000000000000e+01 1.000000000000000000e+00 9.700000000000000000e+01 1.140000000000000000e+02 8.200000000000000000e+01 0.000000000000000000e+00 0.000000000000000000e+00 0.000000000000000000e+00 0.000000000000000000e+00
