9.142030000000000000e+05 3.224000000000000000e+03 6.078000000000000000e+03 8.449000000000000000e+03 6.770000000000000000e+02 8.550000000000000000e+02 1.089000000000000000e+03 8.620000000000000000e+02 4.200000000000000000e+01 4.500000000000000000e+01 4.500000000000000000e+01 2.096000000000000000e+03 2.580000000000000000e+02
4.289000000000000000e+03 7.743400000000000000e+04 3.210000000000000000e+02 3.500000000000000000e+01 3.210000000000000000e+02 2.380000000000000000e+02 2.090000000000000000e+02 2.900000000000000000e+01 1.000000000000000000e+01 2.990000000000000000e+02 1.470000000000000000e+02 2.000000000000000000e+00 7.960000000000000000e+02
9.060000000000000000e+03 1.740000000000000000e+02 7.243900000000000000e+04 5.100000000000000000e+01 1.800000000000000000e+02 4.600000000000000000e+01 7.300000000000000000e+01 3.230000000000000000e+02 4.400000000000000000e+01 0.000000000000000000e+00 1.100000000000000000e+02 1.300000000000000000e+01 1.500000000000000000e+01
1.347380000000000000e+05 1.480000000000000000e+02 1.380000000000000000e+02 5.974000000000000000e+03 1.410000000000000000e+02 1.900000000000000000e+01 2.800000000000000000e+01 1.700000000000000000e+01 1.800000000000000000e+01 0.000000000000000000e+00 5.000000000000000000e+00 6.760000000000000000e+02 2.100000000000000000e+01
2.993000000000000000e+03 4.630000000000000000e+02 2.114000000000000000e+03 3.100000000000000000e+01 3.359900000000000000e+04 1.100000000000000000e+01 2.900000000000000000e+01 1.490000000000000000e+02 2.000000000000000000e+01 0.000000000000000000e+00 3.300000000000000000e+01 6.500000000000000000e+01 3.000000000000000000e+00
1.286000000000000000e+03 1.984000000000000000e+03 3.400000000000000000e+01 1.100000000000000000e+01 5.000000000000000000e+00 2.060800000000000000e+04 3.500000000000000000e+01 8.100000000000000000e+01 1.200000000000000000e+01 3.020000000000000000e+02 0.000000000000000000e+00 2.000000000000000000e+00 1.960000000000000000e+02
1.618000000000000000e+03 4.210000000000000000e+02 1.330000000000000000e+02 2.280000000000000000e+02 8.000000000000000000e+00 7.800000000000000000e+01 2.333900000000000000e+04 2.000000000000000000e+00 0.000000000000000000e+00 3.000000000000000000e+00 2.000000000000000000e+00 1.000000000000000000e+00 1.950000000000000000e+02
4.418000000000000000e+03 2.810000000000000000e+02 2.221000000000000000e+03 1.600000000000000000e+01 2.870000000000000000e+02 1.259000000000000000e+03 2.890000000000000000e+02 1.633800000000000000e+04 5.030000000000000000e+02 0.000000000000000000e+00 3.000000000000000000e+00 1.800000000000000000e+01 6.400000000000000000e+01
1.145000000000000000e+03 1.260000000000000000e+02 7.440000000000000000e+02 2.300000000000000000e+01 1.940000000000000000e+02 4.000000000000000000e+00 1.560000000000000000e+02 7.260000000000000000e+02 7.368000000000000000e+03 0.000000000000000000e+00 1.570000000000000000e+02 8.000000000000000000e+00 3.900000000000000000e+01
4.480000000000000000e+02 1.151200000000000000e+04 1.800000000000000000e+01 5.000000000000000000e+00 9.000000000000000000e+00 9.900000000000000000e+01 4.700000000000000000e+01 4.000000000000000000e+00 0.000000000000000000e+00 2.820000000000000000e+02 0.000000000000000000e+00 0.000000000000000000e+00 4.500000000000000000e+01
8.930000000000000000e+02 2.670000000000000000e+02 3.590000000000000000e+02 6.700000000000000000e+01 1.470000000000000000e+02 4.200000000000000000e+01 4.000000000000000000e+00 4.300000000000000000e+01 5.710000000000000000e+02 0.000000000000000000e+00 4.806000000000000000e+03 1.000000000000000000e+00 1.000000000000000000e+00
3.080000000000000000e+02 0.000000000000000000e+00 0.000000000000000000e+00 2.300000000000000000e+01 0.000000000000000000e+00 3.000000000000000000e+00 0.000000000000000000e+00 0.000000000000000000e+00 0.000000000000000000e+00 0.000000000000000000e+00 0.000000000000000000e+00 4.510000000000000000e+02 0.000000000000000000e+00
4.990000000000000000e+02 3.326000000000000000e+03 9.100000000000000000e+01 9.000000000000000000e+00 6.000000000000000000e+00 6.000000000000000000e+00 7.200000000000000000e+01 0.000000000000000000e+00 0.000000000000000000e+00 2.800000000000000000e+01 0.000000000000000000e+00 0.000000000000000000e+00 3.335000000000000000e+03
