9.176790000000000000e+05 4.089000000000000000e+03 6.920000000000000000e+03 3.340000000000000000e+02 1.775000000000000000e+03 6.840000000000000000e+02 1.829000000000000000e+03 1.078000000000000000e+03 1.390000000000000000e+02 0.000000000000000000e+00 5.600000000000000000e+01 3.331000000000000000e+03 9.000000000000000000e+00
3.803000000000000000e+03 7.851200000000000000e+04 3.090000000000000000e+02 2.000000000000000000e+00 3.690000000000000000e+02 2.320000000000000000e+02 5.790000000000000000e+02 6.400000000000000000e+01 2.400000000000000000e+01 0.000000000000000000e+00 1.560000000000000000e+02 4.000000000000000000e+00 7.600000000000000000e+01
7.924000000000000000e+03 2.090000000000000000e+02 7.254600000000000000e+04 1.300000000000000000e+01 1.032000000000000000e+03 2.400000000000000000e+01 1.380000000000000000e+02 3.930000000000000000e+02 1.080000000000000000e+02 0.000000000000000000e+00 1.220000000000000000e+02 1.900000000000000000e+01 0.000000000000000000e+00
1.390600000000000000e+05 3.130000000000000000e+02 1.280000000000000000e+02 3.330000000000000000e+02 9.700000000000000000e+02 1.300000000000000000e+01 8.600000000000000000e+01 7.000000000000000000e+01 5.200000000000000000e+01 0.000000000000000000e+00 3.000000000000000000e+00 8.950000000000000000e+02 0.000000000000000000e+00
2.100000000000000000e+03 5.270000000000000000e+02 1.787000000000000000e+03 2.000000000000000000e+00 3.487400000000000000e+04 7.000000000000000000e+00 3.900000000000000000e+01 6.900000000000000000e+01 2.800000000000000000e+01 0.000000000000000000e+00 3.800000000000000000e+01 3.900000000000000000e+01 0.000000000000000000e+00
1.958000000000000000e+03 1.805000000000000000e+03 3.300000000000000000e+01 2.000000000000000000e+00 1.600000000000000000e+01 1.968400000000000000e+04 3.270000000000000000e+02 3.830000000000000000e+02 1.500000000000000000e+01 0.000000000000000000e+00 1.000000000000000000e+00 2.000000000000000000e+00 3.300000000000000000e+02
1.380000000000000000e+03 8.590000000000000000e+02 1.530000000000000000e+02 1.300000000000000000e+01 3.800000000000000000e+01 8.200000000000000000e+01 2.345500000000000000e+04 1.100000000000000000e+01 1.100000000000000000e+01 0.000000000000000000e+00 1.000000000000000000e+00 2.000000000000000000e+00 2.300000000000000000e+01
3.883000000000000000e+03 2.020000000000000000e+02 2.134000000000000000e+03 1.000000000000000000e+00 8.270000000000000000e+02 1.020000000000000000e+03 4.300000000000000000e+01 1.605900000000000000e+04 1.481000000000000000e+03 0.000000000000000000e+00 3.100000000000000000e+01 1.600000000000000000e+01 0.000000000000000000e+00
8.210000000000000000e+02 1.670000000000000000e+02 4.870000000000000000e+02 0.000000000000000000e+00 3.380000000000000000e+02 4.000000000000000000e+00 2.900000000000000000e+01 5.320000000000000000e+02 7.880000000000000000e+03 0.000000000000000000e+00 4.250000000000000000e+02 7.000000000000000000e+00 0.000000000000000000e+00
4.210000000000000000e+02 1.152900000000000000e+04 1.900000000000000000e+01 0.000000000000000000e+00 1.500000000000000000e+01 2.200000000000000000e+02 2.340000000000000000e+02 2.100000000000000000e+01 0.000000000000000000e+00 6.000000000000000000e+00 4.000000000000000000e+00 0.000000000000000000e+00 0.000000000000000000e+00
6.360000000000000000e+02 2.760000000000000000e+02 2.980000000000000000e+02 0.000000000000000000e+00 7.330000000000000000e+02 4.000000000000000000e+01 1.100000000000000000e+01 3.600000000000000000e+01 1.178000000000000000e+03 0.000000000000000000e+00 3.988000000000000000e+03 5.000000000000000000e+00 0.000000000000000000e+00
4.480000000000000000e+02 0.000000000000000000e+00 0.000000000000000000e+00 1.000000000000000000e+00 0.000000000000000000e+00 0.000000000000000000e+00 0.000000000000000000e+00 0.000000000000000000e+00 0.000000000000000000e+00 0.000000000000000000e+00 0.000000000000000000e+00 3.360000000000000000e+02 0.000000000000000000e+00
4.220000000000000000e+02 5.924000000000000000e+03 9.300000000000000000e+01 0.000000000000000000e+00 1.200000000000000000e+01 1.700000000000000000e+01 1.250000000000000000e+02 8.000000000000000000e+00 9.900000000000000000e+01 0.000000000000000000e+00 0.000000000000000000e+00 0.000000000000000000e+00 6.720000000000000000e+02
