9.102330000000000000e+05 6.890000000000000000e+03 1.241000000000000000e+04 2.350000000000000000e+02 1.737000000000000000e+03 9.740000000000000000e+02 5.530000000000000000e+02 2.379000000000000000e+03 8.480000000000000000e+02 8.700000000000000000e+01 3.300000000000000000e+01 1.519000000000000000e+03 2.500000000000000000e+01
5.534000000000000000e+03 7.389100000000000000e+04 6.440000000000000000e+02 1.000000000000000000e+00 4.260000000000000000e+02 6.020000000000000000e+02 1.270000000000000000e+02 2.113000000000000000e+03 6.060000000000000000e+02 1.800000000000000000e+01 1.040000000000000000e+02 8.000000000000000000e+00 5.600000000000000000e+01
9.125000000000000000e+03 3.860000000000000000e+02 7.155600000000000000e+04 0.000000000000000000e+00 5.060000000000000000e+02 6.100000000000000000e+01 4.700000000000000000e+01 3.880000000000000000e+02 3.400000000000000000e+02 2.000000000000000000e+00 9.000000000000000000e+01 2.700000000000000000e+01 0.000000000000000000e+00
1.381090000000000000e+05 5.350000000000000000e+02 9.570000000000000000e+02 9.250000000000000000e+02 3.880000000000000000e+02 1.100000000000000000e+01 5.700000000000000000e+01 3.350000000000000000e+02 2.270000000000000000e+02 4.000000000000000000e+00 3.000000000000000000e+00 3.700000000000000000e+02 2.000000000000000000e+00
1.728000000000000000e+03 4.770000000000000000e+02 6.464000000000000000e+03 0.000000000000000000e+00 2.986800000000000000e+04 7.500000000000000000e+01 3.500000000000000000e+01 4.410000000000000000e+02 3.580000000000000000e+02 0.000000000000000000e+00 5.400000000000000000e+01 1.000000000000000000e+01 0.000000000000000000e+00
4.007000000000000000e+03 6.153000000000000000e+03 1.430000000000000000e+02 0.000000000000000000e+00 2.400000000000000000e+01 1.309500000000000000e+04 4.630000000000000000e+02 3.980000000000000000e+02 5.500000000000000000e+01 2.050000000000000000e+02 7.000000000000000000e+00 2.000000000000000000e+00 4.000000000000000000e+00
4.037000000000000000e+03 3.594000000000000000e+03 7.530000000000000000e+02 6.000000000000000000e+00 3.500000000000000000e+01 4.591000000000000000e+03 1.154700000000000000e+04 1.004000000000000000e+03 1.760000000000000000e+02 2.630000000000000000e+02 6.000000000000000000e+00 3.000000000000000000e+00 1.300000000000000000e+01
3.934000000000000000e+03 3.400000000000000000e+02 4.381000000000000000e+03 0.000000000000000000e+00 1.873000000000000000e+03 1.081000000000000000e+03 1.400000000000000000e+01 1.124800000000000000e+04 2.813000000000000000e+03 3.000000000000000000e+00 3.000000000000000000e+00 7.000000000000000000e+00 0.000000000000000000e+00
4.730000000000000000e+02 1.240000000000000000e+02 1.295000000000000000e+03 0.000000000000000000e+00 8.520000000000000000e+02 6.000000000000000000e+00 3.000000000000000000e+00 6.630000000000000000e+02 7.261000000000000000e+03 0.000000000000000000e+00 7.000000000000000000e+00 6.000000000000000000e+00 0.000000000000000000e+00
6.280000000000000000e+02 1.140900000000000000e+04 5.600000000000000000e+01 0.000000000000000000e+00 1.500000000000000000e+01 1.320000000000000000e+02 1.500000000000000000e+01 8.300000000000000000e+01 4.400000000000000000e+01 8.000000000000000000e+01 0.000000000000000000e+00 0.000000000000000000e+00 7.000000000000000000e+00
4.310000000000000000e+02 3.350000000000000000e+02 5.010000000000000000e+02 0.000000000000000000e+00 1.075000000000000000e+03 3.700000000000000000e+01 3.000000000000000000e+00 1.710000000000000000e+02 3.389000000000000000e+03 0.000000000000000000e+00 1.259000000000000000e+03 0.000000000000000000e+00 0.000000000000000000e+00
6.310000000000000000e+02 4.000000000000000000e+00 1.800000000000000000e+01 0.000000000000000000e+00 0.000000000000000000e+00 1.000000000000000000e+00 0.000000000000000000e+00 4.000000000000000000e+00 0.000000000000000000e+00 0.000000000000000000e+00 0.000000000000000000e+00 1.270000000000000000e+02 0.000000000000000000e+00
7.190000000000000000e+02 5.564000000000000000e+03 1.030000000000000000e+02 1.000000000000000000e+00 1.200000000000000000e+01 7.000000000000000000e+00 3.000000000000000000e+01 3.700000000000000000e+02 4.020000000000000000e+02 0.000000000000000000e+00 0.000000000000000000e+00 0.000000000000000000e+00 1.640000000000000000e+02
