9.185250000000000000e+05 4.372000000000000000e+03 8.244000000000000000e+03 4.230000000000000000e+02 1.347000000000000000e+03 5.870000000000000000e+02 1.327000000000000000e+03 1.453000000000000000e+03 1.060000000000000000e+02 1.100000000000000000e+01 2.200000000000000000e+01 1.388000000000000000e+03 1.180000000000000000e+02
7.174000000000000000e+03 7.431300000000000000e+04 4.650000000000000000e+02 1.000000000000000000e+00 4.160000000000000000e+02 2.440000000000000000e+02 3.380000000000000000e+02 7.710000000000000000e+02 7.800000000000000000e+01 4.300000000000000000e+01 1.380000000000000000e+02 1.000000000000000000e+01 1.390000000000000000e+02
1.226600000000000000e+04 3.270000000000000000e+02 6.848900000000000000e+04 3.000000000000000000e+00 6.240000000000000000e+02 7.400000000000000000e+01 7.600000000000000000e+01 4.170000000000000000e+02 6.700000000000000000e+01 0.000000000000000000e+00 1.250000000000000000e+02 4.400000000000000000e+01 1.600000000000000000e+01
1.401490000000000000e+05 1.680000000000000000e+02 2.600000000000000000e+02 2.240000000000000000e+02 2.280000000000000000e+02 5.000000000000000000e+00 1.170000000000000000e+02 1.360000000000000000e+02 6.300000000000000000e+01 0.000000000000000000e+00 2.000000000000000000e+00 5.630000000000000000e+02 8.000000000000000000e+00
3.752000000000000000e+03 5.990000000000000000e+02 3.773000000000000000e+03 0.000000000000000000e+00 3.078000000000000000e+04 1.300000000000000000e+01 3.400000000000000000e+01 3.610000000000000000e+02 1.420000000000000000e+02 0.000000000000000000e+00 4.300000000000000000e+01 1.300000000000000000e+01 0.000000000000000000e+00
3.525000000000000000e+03 3.910000000000000000e+03 1.270000000000000000e+02 0.000000000000000000e+00 8.000000000000000000e+00 1.669500000000000000e+04 1.530000000000000000e+02 6.400000000000000000e+01 1.400000000000000000e+01 5.000000000000000000e+01 3.000000000000000000e+00 0.000000000000000000e+00 7.000000000000000000e+00
4.569000000000000000e+03 1.056000000000000000e+03 3.640000000000000000e+02 1.600000000000000000e+01 3.600000000000000000e+01 2.040000000000000000e+02 1.940900000000000000e+04 3.500000000000000000e+02 9.000000000000000000e+00 0.000000000000000000e+00 5.000000000000000000e+00 4.000000000000000000e+00 6.000000000000000000e+00
7.095000000000000000e+03 4.510000000000000000e+02 3.561000000000000000e+03 2.000000000000000000e+00 1.527000000000000000e+03 1.106000000000000000e+03 1.430000000000000000e+02 1.018500000000000000e+04 1.564000000000000000e+03 0.000000000000000000e+00 3.800000000000000000e+01 2.400000000000000000e+01 1.000000000000000000e+00
1.162000000000000000e+03 8.300000000000000000e+01 6.830000000000000000e+02 1.000000000000000000e+00 1.150000000000000000e+03 5.000000000000000000e+00 2.100000000000000000e+01 1.321000000000000000e+03 5.556000000000000000e+03 0.000000000000000000e+00 7.010000000000000000e+02 5.000000000000000000e+00 2.000000000000000000e+00
8.900000000000000000e+02 1.074600000000000000e+04 3.900000000000000000e+01 0.000000000000000000e+00 1.300000000000000000e+01 5.720000000000000000e+02 4.400000000000000000e+01 4.200000000000000000e+01 4.000000000000000000e+00 1.110000000000000000e+02 5.000000000000000000e+00 0.000000000000000000e+00 3.000000000000000000e+00
9.250000000000000000e+02 3.110000000000000000e+02 3.570000000000000000e+02 2.000000000000000000e+00 9.040000000000000000e+02 2.500000000000000000e+01 2.100000000000000000e+01 1.960000000000000000e+02 1.106000000000000000e+03 0.000000000000000000e+00 3.354000000000000000e+03 0.000000000000000000e+00 0.000000000000000000e+00
5.260000000000000000e+02 2.000000000000000000e+00 1.300000000000000000e+01 0.000000000000000000e+00 4.000000000000000000e+00 2.000000000000000000e+00 0.000000000000000000e+00 3.000000000000000000e+00 0.000000000000000000e+00 0.000000000000000000e+00 0.000000000000000000e+00 2.350000000000000000e+02 0.000000000000000000e+00
1.083000000000000000e+03 4.799000000000000000e+03 9.300000000000000000e+01 0.000000000000000000e+00 2.600000000000000000e+01 1.000000000000000000e+00 2.750000000000000000e+02 3.730000000000000000e+02 3.200000000000000000e+01 0.000000000000000000e+00 0.000000000000000000e+00 0.000000000000000000e+00 6.900000000000000000e+02
