9.210940000000000000e+05 2.609000000000000000e+03 6.511000000000000000e+03 1.264000000000000000e+03 1.000000000000000000e+03 7.400000000000000000e+02 1.173000000000000000e+03 1.099000000000000000e+03 2.350000000000000000e+02 6.000000000000000000e+00 1.700000000000000000e+02 2.004000000000000000e+03 1.800000000000000000e+01
5.783000000000000000e+03 7.499500000000000000e+04 2.890000000000000000e+02 1.200000000000000000e+01 2.980000000000000000e+02 1.610000000000000000e+02 1.661000000000000000e+03 2.680000000000000000e+02 1.230000000000000000e+02 2.000000000000000000e+01 1.670000000000000000e+02 1.000000000000000000e+00 3.520000000000000000e+02
9.600000000000000000e+03 8.600000000000000000e+01 7.180300000000000000e+04 0.000000000000000000e+00 2.700000000000000000e+02 7.000000000000000000e+00 1.080000000000000000e+02 3.630000000000000000e+02 1.330000000000000000e+02 0.000000000000000000e+00 1.570000000000000000e+02 1.000000000000000000e+00 0.000000000000000000e+00
1.382720000000000000e+05 3.200000000000000000e+02 1.180000000000000000e+02 1.705000000000000000e+03 5.730000000000000000e+02 3.000000000000000000e+01 3.900000000000000000e+01 9.400000000000000000e+01 9.000000000000000000e+01 0.000000000000000000e+00 1.900000000000000000e+01 6.630000000000000000e+02 0.000000000000000000e+00
3.342000000000000000e+03 3.850000000000000000e+02 2.951000000000000000e+03 5.000000000000000000e+00 3.243400000000000000e+04 2.000000000000000000e+00 3.300000000000000000e+01 1.560000000000000000e+02 5.300000000000000000e+01 0.000000000000000000e+00 1.360000000000000000e+02 9.000000000000000000e+00 4.000000000000000000e+00
1.775000000000000000e+03 2.371000000000000000e+03 2.600000000000000000e+01 5.000000000000000000e+00 1.200000000000000000e+01 1.940600000000000000e+04 1.880000000000000000e+02 6.310000000000000000e+02 2.000000000000000000e+01 9.000000000000000000e+00 7.000000000000000000e+00 0.000000000000000000e+00 1.060000000000000000e+02
1.426000000000000000e+03 2.880000000000000000e+02 1.620000000000000000e+02 2.100000000000000000e+01 1.200000000000000000e+01 2.170000000000000000e+02 2.381900000000000000e+04 6.800000000000000000e+01 6.000000000000000000e+00 1.000000000000000000e+00 8.000000000000000000e+00 0.000000000000000000e+00 0.000000000000000000e+00
4.381000000000000000e+03 7.800000000000000000e+01 2.290000000000000000e+03 3.000000000000000000e+00 1.350000000000000000e+02 9.860000000000000000e+02 2.100000000000000000e+01 1.577100000000000000e+04 1.644000000000000000e+03 0.000000000000000000e+00 3.580000000000000000e+02 2.900000000000000000e+01 1.000000000000000000e+00
7.200000000000000000e+02 4.300000000000000000e+01 3.140000000000000000e+02 0.000000000000000000e+00 5.200000000000000000e+01 4.000000000000000000e+00 1.000000000000000000e+01 5.290000000000000000e+02 7.985000000000000000e+03 0.000000000000000000e+00 1.023000000000000000e+03 1.000000000000000000e+01 0.000000000000000000e+00
6.630000000000000000e+02 1.108400000000000000e+04 1.900000000000000000e+01 4.000000000000000000e+00 4.000000000000000000e+00 1.360000000000000000e+02 4.560000000000000000e+02 5.700000000000000000e+01 1.000000000000000000e+01 1.600000000000000000e+01 1.000000000000000000e+00 0.000000000000000000e+00 1.900000000000000000e+01
6.770000000000000000e+02 2.150000000000000000e+02 2.980000000000000000e+02 5.000000000000000000e+00 1.160000000000000000e+02 3.200000000000000000e+01 1.100000000000000000e+01 3.700000000000000000e+01 1.560000000000000000e+02 0.000000000000000000e+00 5.653000000000000000e+03 1.000000000000000000e+00 0.000000000000000000e+00
5.500000000000000000e+02 9.000000000000000000e+00 0.000000000000000000e+00 1.000000000000000000e+01 0.000000000000000000e+00 2.000000000000000000e+00 0.000000000000000000e+00 0.000000000000000000e+00 0.000000000000000000e+00 0.000000000000000000e+00 0.000000000000000000e+00 2.140000000000000000e+02 0.000000000000000000e+00
7.600000000000000000e+02 4.575000000000000000e+03 8.700000000000000000e+01 4.000000000000000000e+00 0.000000000000000000e+00 4.000000000000000000e+00 6.950000000000000000e+02 6.060000000000000000e+02 1.840000000000000000e+02 0.000000000000000000e+00 0.000000000000000000e+00 4.000000000000000000e+00 4.530000000000000000e+02
