9.147380000000000000e+05 2.874000000000000000e+03 7.999000000000000000e+03 5.783000000000000000e+03 1.093000000000000000e+03 6.790000000000000000e+02 4.720000000000000000e+02 1.107000000000000000e+03 9.500000000000000000e+01 3.000000000000000000e+00 6.900000000000000000e+01 2.952000000000000000e+03 5.900000000000000000e+01
4.952000000000000000e+03 7.697100000000000000e+04 3.580000000000000000e+02 1.300000000000000000e+01 3.810000000000000000e+02 3.210000000000000000e+02 1.790000000000000000e+02 6.700000000000000000e+01 7.000000000000000000e+01 1.500000000000000000e+02 1.460000000000000000e+02 1.000000000000000000e+00 5.210000000000000000e+02
7.337000000000000000e+03 1.660000000000000000e+02 7.408400000000000000e+04 4.000000000000000000e+01 2.700000000000000000e+02 2.100000000000000000e+01 3.100000000000000000e+01 3.820000000000000000e+02 4.900000000000000000e+01 0.000000000000000000e+00 1.240000000000000000e+02 2.400000000000000000e+01 0.000000000000000000e+00
1.359240000000000000e+05 8.800000000000000000e+01 1.950000000000000000e+02 4.171000000000000000e+03 2.520000000000000000e+02 6.000000000000000000e+00 6.000000000000000000e+00 9.500000000000000000e+01 1.010000000000000000e+02 0.000000000000000000e+00 1.300000000000000000e+01 1.070000000000000000e+03 2.000000000000000000e+00
2.394000000000000000e+03 5.320000000000000000e+02 1.874000000000000000e+03 1.400000000000000000e+01 3.432400000000000000e+04 6.000000000000000000e+00 2.200000000000000000e+01 2.540000000000000000e+02 3.400000000000000000e+01 0.000000000000000000e+00 4.600000000000000000e+01 1.000000000000000000e+01 0.000000000000000000e+00
1.790000000000000000e+03 1.548000000000000000e+03 4.300000000000000000e+01 3.000000000000000000e+00 2.200000000000000000e+01 2.090000000000000000e+04 4.800000000000000000e+01 1.270000000000000000e+02 1.700000000000000000e+01 5.200000000000000000e+01 1.000000000000000000e+00 0.000000000000000000e+00 5.000000000000000000e+00
2.109000000000000000e+03 3.790000000000000000e+02 2.490000000000000000e+02 2.700000000000000000e+01 2.100000000000000000e+01 3.180000000000000000e+02 2.286900000000000000e+04 1.100000000000000000e+01 4.000000000000000000e+00 2.000000000000000000e+00 3.000000000000000000e+00 4.000000000000000000e+00 3.200000000000000000e+01
3.930000000000000000e+03 1.140000000000000000e+02 2.125000000000000000e+03 5.000000000000000000e+00 5.550000000000000000e+02 1.142000000000000000e+03 4.000000000000000000e+00 1.711800000000000000e+04 6.240000000000000000e+02 1.000000000000000000e+00 3.400000000000000000e+01 3.600000000000000000e+01 9.000000000000000000e+00
8.050000000000000000e+02 7.100000000000000000e+01 5.510000000000000000e+02 2.000000000000000000e+00 5.700000000000000000e+01 1.200000000000000000e+01 4.000000000000000000e+00 1.223000000000000000e+03 7.430000000000000000e+03 0.000000000000000000e+00 5.080000000000000000e+02 1.800000000000000000e+01 9.000000000000000000e+00
6.060000000000000000e+02 1.146000000000000000e+04 2.100000000000000000e+01 3.000000000000000000e+00 1.400000000000000000e+01 1.620000000000000000e+02 8.500000000000000000e+01 1.200000000000000000e+01 3.000000000000000000e+00 6.000000000000000000e+01 0.000000000000000000e+00 0.000000000000000000e+00 4.300000000000000000e+01
9.040000000000000000e+02 2.300000000000000000e+02 3.660000000000000000e+02 2.400000000000000000e+01 1.340000000000000000e+02 3.800000000000000000e+01 1.000000000000000000e+00 1.750000000000000000e+02 4.220000000000000000e+02 0.000000000000000000e+00 4.905000000000000000e+03 2.000000000000000000e+00 0.000000000000000000e+00
3.750000000000000000e+02 7.000000000000000000e+00 0.000000000000000000e+00 9.000000000000000000e+00 0.000000000000000000e+00 2.000000000000000000e+00 0.000000000000000000e+00 1.500000000000000000e+01 0.000000000000000000e+00 0.000000000000000000e+00 0.000000000000000000e+00 3.770000000000000000e+02 0.000000000000000000e+00
6.400000000000000000e+02 4.578000000000000000e+03 9.200000000000000000e+01 0.000000000000000000e+00 1.000000000000000000e+00 6.200000000000000000e+01 5.800000000000000000e+01 3.000000000000000000e+00 1.400000000000000000e+01 1.400000000000000000e+01 0.000000000000000000e+00 2.000000000000000000e+00 1.908000000000000000e+03
