9.092940000000000000e+05 6.259000000000000000e+03 1.832800000000000000e+04 0.000000000000000000e+00 2.517000000000000000e+03 0.000000000000000000e+00 6.900000000000000000e+01 3.420000000000000000e+02 1.114000000000000000e+03 0.000000000000000000e+00 0.000000000000000000e+00 0.000000000000000000e+00 0.000000000000000000e+00
9.657000000000000000e+03 7.262800000000000000e+04 9.250000000000000000e+02 0.000000000000000000e+00 4.490000000000000000e+02 0.000000000000000000e+00 5.300000000000000000e+01 1.300000000000000000e+02 2.880000000000000000e+02 0.000000000000000000e+00 0.000000000000000000e+00 0.000000000000000000e+00 0.000000000000000000e+00
1.607800000000000000e+04 2.130000000000000000e+02 6.508100000000000000e+04 0.000000000000000000e+00 8.880000000000000000e+02 0.000000000000000000e+00 9.000000000000000000e+00 1.300000000000000000e+01 2.460000000000000000e+02 0.000000000000000000e+00 0.000000000000000000e+00 0.000000000000000000e+00 0.000000000000000000e+00
1.354540000000000000e+05 6.110000000000000000e+02 4.366000000000000000e+03 0.000000000000000000e+00 8.450000000000000000e+02 0.000000000000000000e+00 2.000000000000000000e+00 1.110000000000000000e+02 5.340000000000000000e+02 0.000000000000000000e+00 0.000000000000000000e+00 0.000000000000000000e+00 0.000000000000000000e+00
3.715000000000000000e+03 1.010000000000000000e+02 1.837700000000000000e+04 0.000000000000000000e+00 1.728600000000000000e+04 0.000000000000000000e+00 6.000000000000000000e+00 5.000000000000000000e+00 2.000000000000000000e+01 0.000000000000000000e+00 0.000000000000000000e+00 0.000000000000000000e+00 0.000000000000000000e+00
4.827000000000000000e+03 1.945600000000000000e+04 1.150000000000000000e+02 0.000000000000000000e+00 7.300000000000000000e+01 0.000000000000000000e+00 1.000000000000000000e+00 7.600000000000000000e+01 8.000000000000000000e+00 0.000000000000000000e+00 0.000000000000000000e+00 0.000000000000000000e+00 0.000000000000000000e+00
5.091000000000000000e+03 1.797800000000000000e+04 1.157000000000000000e+03 0.000000000000000000e+00 1.200000000000000000e+01 0.000000000000000000e+00 9.680000000000000000e+02 2.100000000000000000e+01 8.010000000000000000e+02 0.000000000000000000e+00 0.000000000000000000e+00 0.000000000000000000e+00 0.000000000000000000e+00
1.071400000000000000e+04 2.094000000000000000e+03 6.606000000000000000e+03 0.000000000000000000e+00 3.748000000000000000e+03 0.000000000000000000e+00 8.000000000000000000e+01 3.430000000000000000e+02 2.112000000000000000e+03 0.000000000000000000e+00 0.000000000000000000e+00 0.000000000000000000e+00 0.000000000000000000e+00
1.688000000000000000e+03 3.010000000000000000e+02 6.188000000000000000e+03 0.000000000000000000e+00 3.210000000000000000e+02 0.000000000000000000e+00 4.000000000000000000e+00 5.900000000000000000e+01 2.129000000000000000e+03 0.000000000000000000e+00 0.000000000000000000e+00 0.000000000000000000e+00 0.000000000000000000e+00
7.490000000000000000e+02 1.160200000000000000e+04 3.600000000000000000e+01 0.000000000000000000e+00 3.900000000000000000e+01 0.000000000000000000e+00 3.000000000000000000e+00 7.000000000000000000e+00 3.300000000000000000e+01 0.000000000000000000e+00 0.000000000000000000e+00 0.000000000000000000e+00 0.000000000000000000e+00
5.930000000000000000e+02 2.090000000000000000e+02 6.149000000000000000e+03 0.000000000000000000e+00 6.300000000000000000e+01 0.000000000000000000e+00 0.000000000000000000e+00 5.100000000000000000e+01 1.360000000000000000e+02 0.000000000000000000e+00 0.000000000000000000e+00 0.000000000000000000e+00 0.000000000000000000e+00
7.710000000000000000e+02 1.000000000000000000e+01 3.000000000000000000e+00 0.000000000000000000e+00 1.000000000000000000e+00 0.000000000000000000e+00 0.000000000000000000e+00 0.000000000000000000e+00 0.000000000000000000e+00 0.000000000000000000e+00 0.000000000000000000e+00 0.000000000000000000e+00 0.000000000000000000e+00
1.124000000000000000e+03 6.046000000000000000e+03 1.080000000000000000e+02 0.000000000000000000e+00 1.400000000000000000e+01 0.000000000000000000e+00 8.000000000000000000e+00 7.000000000000000000e+00 6.500000000000000000e+01 0.000000000000000000e+00 0.000000000000000000e+00 0.000000000000000000e+00 0.000000000000000000e+00
