9.114810000000000000e+05 5.203000000000000000e+03 1.003100000000000000e+04 1.565000000000000000e+03 1.652000000000000000e+03 3.040000000000000000e+03 5.470000000000000000e+02 2.431000000000000000e+03 6.410000000000000000e+02 2.600000000000000000e+01 8.490000000000000000e+02 3.660000000000000000e+02 9.100000000000000000e+01
2.766000000000000000e+03 7.828800000000000000e+04 4.990000000000000000e+02 1.000000000000000000e+00 4.860000000000000000e+02 1.650000000000000000e+02 2.490000000000000000e+02 3.290000000000000000e+02 3.180000000000000000e+02 1.020000000000000000e+02 1.710000000000000000e+02 0.000000000000000000e+00 7.560000000000000000e+02
6.372000000000000000e+03 2.180000000000000000e+02 7.373900000000000000e+04 2.000000000000000000e+00 7.430000000000000000e+02 5.000000000000000000e+01 1.700000000000000000e+01 9.220000000000000000e+02 2.760000000000000000e+02 1.000000000000000000e+00 1.850000000000000000e+02 0.000000000000000000e+00 3.000000000000000000e+00
1.367460000000000000e+05 4.270000000000000000e+02 4.990000000000000000e+02 1.296000000000000000e+03 4.500000000000000000e+02 6.970000000000000000e+02 7.500000000000000000e+01 2.280000000000000000e+02 3.280000000000000000e+02 2.000000000000000000e+00 9.240000000000000000e+02 2.480000000000000000e+02 3.000000000000000000e+00
1.271000000000000000e+03 4.170000000000000000e+02 1.700000000000000000e+03 0.000000000000000000e+00 3.561000000000000000e+04 3.000000000000000000e+00 2.700000000000000000e+01 1.220000000000000000e+02 2.430000000000000000e+02 0.000000000000000000e+00 1.170000000000000000e+02 0.000000000000000000e+00 0.000000000000000000e+00
1.529000000000000000e+03 3.772000000000000000e+03 5.500000000000000000e+01 0.000000000000000000e+00 4.400000000000000000e+01 1.830700000000000000e+04 1.900000000000000000e+01 7.410000000000000000e+02 6.700000000000000000e+01 1.500000000000000000e+01 1.000000000000000000e+00 0.000000000000000000e+00 6.000000000000000000e+00
2.904000000000000000e+03 8.790000000000000000e+02 3.580000000000000000e+02 9.000000000000000000e+00 5.400000000000000000e+01 1.101000000000000000e+03 1.980400000000000000e+04 1.520000000000000000e+02 2.700000000000000000e+01 3.060000000000000000e+02 1.500000000000000000e+01 0.000000000000000000e+00 4.190000000000000000e+02
4.007000000000000000e+03 1.720000000000000000e+02 2.302000000000000000e+03 0.000000000000000000e+00 8.190000000000000000e+02 1.092000000000000000e+03 0.000000000000000000e+00 1.584200000000000000e+04 1.389000000000000000e+03 0.000000000000000000e+00 7.300000000000000000e+01 0.000000000000000000e+00 1.000000000000000000e+00
3.930000000000000000e+02 4.600000000000000000e+01 3.540000000000000000e+02 0.000000000000000000e+00 1.130000000000000000e+02 5.000000000000000000e+00 3.000000000000000000e+00 6.620000000000000000e+02 8.764000000000000000e+03 0.000000000000000000e+00 3.500000000000000000e+02 0.000000000000000000e+00 0.000000000000000000e+00
3.300000000000000000e+02 1.135200000000000000e+04 4.900000000000000000e+01 0.000000000000000000e+00 4.500000000000000000e+01 1.790000000000000000e+02 1.190000000000000000e+02 7.700000000000000000e+01 1.800000000000000000e+01 8.200000000000000000e+01 1.000000000000000000e+00 0.000000000000000000e+00 2.170000000000000000e+02
2.440000000000000000e+02 2.320000000000000000e+02 2.590000000000000000e+02 1.000000000000000000e+00 1.090000000000000000e+02 3.700000000000000000e+01 4.000000000000000000e+00 6.200000000000000000e+01 2.960000000000000000e+02 0.000000000000000000e+00 5.957000000000000000e+03 0.000000000000000000e+00 0.000000000000000000e+00
7.080000000000000000e+02 8.000000000000000000e+00 1.000000000000000000e+00 6.000000000000000000e+00 0.000000000000000000e+00 2.000000000000000000e+00 0.000000000000000000e+00 2.400000000000000000e+01 0.000000000000000000e+00 0.000000000000000000e+00 0.000000000000000000e+00 3.600000000000000000e+01 0.000000000000000000e+00
3.480000000000000000e+02 6.032000000000000000e+03 9.900000000000000000e+01 0.000000000000000000e+00 3.000000000000000000e+00 2.000000000000000000e+00 5.800000000000000000e+01 1.700000000000000000e+02 4.720000000000000000e+02 4.000000000000000000e+00 0.000000000000000000e+00 0.000000000000000000e+00 1.840000000000000000e+02
